1.0 0.0 0.0 0.707 0.0 0.0 0.0 0.0 0.0 0.0 0.0 0.0 0.0 0.408 0.0 0.0 0.0 0.0 0.0 0.5 0.0 0.0 0.0 0.0 0.0 0.0 0.707 0.0 0.0 0.707 0.0 0.0 0.707 0.0 0.0
0.0 1.0 0.577 0.0 0.0 0.0 0.333 0.0 0.577 0.0 0.0 0.0 0.577 0.471 0.577 0.866 0.0 0.0 0.408 0.289 0.0 0.0 0.333 0.0 0.333 0.577 0.0 0.577 0.0 0.0 0.0 0.289 0.0 0.0 0.0
0.0 0.577 1.0 0.0 0.0 0.0 0.0 0.0 0.0 0.0 0.0 0.0 1.0 0.0 0.0 0.5 0.0 0.0 0.707 0.0 0.0 0.0 0.0 0.0 0.0 1.0 0.0 0.0 0.0 0.0 0.0 0.5 0.0 0.0 0.0
0.707 0.0 0.0 1.0 0.707 0.0 0.0 0.0 0.0 0.5 0.0 0.0 0.0 0.289 0.0 0.354 0.354 0.0 0.0 0.354 0.0 0.0 0.0 0.0 0.0 0.0 0.5 0.0 0.0 0.5 0.0 0.354 1.0 0.0 0.0
0.0 0.0 0.0 0.707 1.0 0.0 0.0 0.0 0.0 0.707 0.0 0.0 0.0 0.0 0.0 0.5 0.5 0.0 0.0 0.0 0.0 0.0 0.0 0.0 0.0 0.0 0.0 0.0 0.0 0.0 0.0 0.5 0.707 0.0 0.0
0.0 0.0 0.0 0.0 0.0 1.0 0.0 1.0 0.0 0.0 0.0 0.0 0.0 0.0 0.0 0.0 0.5 0.0 0.0 0.0 0.0 0.0 0.577 0.0 0.577 0.0 0.0 0.0 0.0 0.0 0.0 0.0 0.0 1.0 0.0
0.0 0.333 0.0 0.0 0.0 0.0 1.0 0.0 0.0 0.0 0.0 0.577 0.0 0.707 0.577 0.289 0.289 0.577 0.408 0.577 0.0 0.0 0.333 0.0 0.333 0.0 0.0 0.0 0.0 0.408 0.0 0.0 0.0 0.0 0.577
0.0 0.0 0.0 0.0 0.0 1.0 0.0 1.0 0.0 0.0 0.0 0.0 0.0 0.0 0.0 0.0 0.5 0.0 0.0 0.0 0.0 0.0 0.577 0.0 0.577 0.0 0.0 0.0 0.0 0.0 0.0 0.0 0.0 1.0 0.0
0.0 0.577 0.0 0.0 0.0 0.0 0.0 0.0 1.0 0.0 0.0 0.0 0.0 0.408 0.0 0.5 0.0 0.0 0.0 0.0 0.0 0.0 0.577 0.0 0.0 0.0 0.0 1.0 0.0 0.0 0.0 0.0 0.0 0.0 0.0
0.0 0.0 0.0 0.5 0.707 0.0 0.0 0.0 0.0 1.0 0.707 0.0 0.0 0.0 0.0 0.354 0.707 0.0 0.0 0.354 0.0 0.707 0.0 0.707 0.0 0.0 0.0 0.0 0.707 0.0 0.0 0.707 0.5 0.0 0.0
0.0 0.0 0.0 0.0 0.0 0.0 0.0 0.0 0.0 0.707 1.0 0.0 0.0 0.0 0.0 0.0 0.5 0.0 0.0 0.5 0.0 1.0 0.0 1.0 0.0 0.0 0.0 0.0 1.0 0.0 0.0 0.5 0.0 0.0 0.0
0.0 0.0 0.0 0.0 0.0 0.0 0.577 0.0 0.0 0.0 0.0 1.0 0.0 0.408 0.0 0.0 0.0 1.0 0.707 0.0 0.0 0.0 0.0 0.0 0.0 0.0 0.0 0.0 0.0 0.707 0.0 0.0 0.0 0.0 0.0
0.0 0.577 1.0 0.0 0.0 0.0 0.0 0.0 0.0 0.0 0.0 0.0 1.0 0.0 0.0 0.5 0.0 0.0 0.707 0.0 0.0 0.0 0.0 0.0 0.0 1.0 0.0 0.0 0.0 0.0 0.0 0.5 0.0 0.0 0.0
0.408 0.471 0.0 0.289 0.0 0.0 0.707 0.0 0.408 0.0 0.0 0.408 0.0 1.0 0.408 0.408 0.204 0.408 0.289 0.612 0.408 0.0 0.471 0.0 0.471 0.0 0.577 0.408 0.0 0.577 0.408 0.204 0.289 0.0 0.408
0.0 0.577 0.0 0.0 0.0 0.0 0.577 0.0 0.0 0.0 0.0 0.0 0.0 0.408 1.0 0.5 0.0 0.0 0.0 0.5 0.0 0.0 0.0 0.0 0.577 0.0 0.0 0.0 0.0 0.0 0.0 0.0 0.0 0.0 0.0
0.0 0.866 0.5 0.354 0.5 0.0 0.289 0.0 0.5 0.354 0.0 0.0 0.5 0.408 0.5 1.0 0.25 0.0 0.354 0.25 0.0 0.0 0.289 0.0 0.289 0.5 0.0 0.5 0.0 0.0 0.0 0.5 0.354 0.0 0.0
0.0 0.0 0.0 0.354 0.5 0.5 0.289 0.5 0.0 0.707 0.5 0.0 0.0 0.204 0.0 0.25 1.0 0.0 0.0 0.5 0.0 0.5 0.577 0.5 0.289 0.0 0.0 0.0 0.5 0.0 0.0 0.5 0.354 0.5 0.5
0.0 0.0 0.0 0.0 0.0 0.0 0.577 0.0 0.0 0.0 0.0 1.0 0.0 0.408 0.0 0.0 0.0 1.0 0.707 0.0 0.0 0.0 0.0 0.0 0.0 0.0 0.0 0.0 0.0 0.707 0.0 0.0 0.0 0.0 0.0
0.0 0.408 0.707 0.0 0.0 0.0 0.408 0.0 0.0 0.0 0.0 0.707 0.707 0.289 0.0 0.354 0.0 0.707 1.0 0.0 0.0 0.0 0.0 0.0 0.0 0.707 0.0 0.0 0.0 0.5 0.0 0.354 0.0 0.0 0.0
0.5 0.289 0.0 0.354 0.0 0.0 0.577 0.0 0.0 0.354 0.5 0.0 0.0 0.612 0.5 0.25 0.5 0.0 0.0 1.0 0.0 0.5 0.289 0.5 0.289 0.0 0.354 0.0 0.5 0.354 0.0 0.25 0.354 0.0 0.5
0.0 0.0 0.0 0.0 0.0 0.0 0.0 0.0 0.0 0.0 0.0 0.0 0.0 0.408 0.0 0.0 0.0 0.0 0.0 0.0 1.0 0.0 0.0 0.0 0.577 0.0 0.707 0.0 0.0 0.0 1.0 0.5 0.0 0.0 0.0
0.0 0.0 0.0 0.0 0.0 0.0 0.0 0.0 0.0 0.707 1.0 0.0 0.0 0.0 0.0 0.0 0.5 0.0 0.0 0.5 0.0 1.0 0.0 1.0 0.0 0.0 0.0 0.0 1.0 0.0 0.0 0.5 0.0 0.0 0.0
0.0 0.333 0.0 0.0 0.0 0.577 0.333 0.577 0.577 0.0 0.0 0.0 0.0 0.471 0.0 0.289 0.577 0.0 0.0 0.289 0.0 0.0 1.0 0.0 0.333 0.0 0.0 0.577 0.0 0.0 0.0 0.0 0.0 0.577 0.577
0.0 0.0 0.0 0.0 0.0 0.0 0.0 0.0 0.0 0.707 1.0 0.0 0.0 0.0 0.0 0.0 0.5 0.0 0.0 0.5 0.0 1.0 0.0 1.0 0.0 0.0 0.0 0.0 1.0 0.0 0.0 0.5 0.0 0.0 0.0
0.0 0.333 0.0 0.0 0.0 0.577 0.333 0.577 0.0 0.0 0.0 0.0 0.0 0.471 0.577 0.289 0.289 0.0 0.0 0.289 0.577 0.0 0.333 0.0 1.0 0.0 0.408 0.0 0.0 0.0 0.577 0.289 0.0 0.577 0.0
0.0 0.577 1.0 0.0 0.0 0.0 0.0 0.0 0.0 0.0 0.0 0.0 1.0 0.0 0.0 0.5 0.0 0.0 0.707 0.0 0.0 0.0 0.0 0.0 0.0 1.0 0.0 0.0 0.0 0.0 0.0 0.5 0.0 0.0 0.0
0.707 0.0 0.0 0.5 0.0 0.0 0.0 0.0 0.0 0.0 0.0 0.0 0.0 0.577 0.0 0.0 0.0 0.0 0.0 0.354 0.707 0.0 0.0 0.0 0.408 0.0 1.0 0.0 0.0 0.5 0.707 0.354 0.5 0.0 0.0
0.0 0.577 0.0 0.0 0.0 0.0 0.0 0.0 1.0 0.0 0.0 0.0 0.0 0.408 0.0 0.5 0.0 0.0 0.0 0.0 0.0 0.0 0.577 0.0 0.0 0.0 0.0 1.0 0.0 0.0 0.0 0.0 0.0 0.0 0.0
0.0 0.0 0.0 0.0 0.0 0.0 0.0 0.0 0.0 0.707 1.0 0.0 0.0 0.0 0.0 0.0 0.5 0.0 0.0 0.5 0.0 1.0 0.0 1.0 0.0 0.0 0.0 0.0 1.0 0.0 0.0 0.5 0.0 0.0 0.0
0.707 0.0 0.0 0.5 0.0 0.0 0.408 0.0 0.0 0.0 0.0 0.707 0.0 0.577 0.0 0.0 0.0 0.707 0.5 0.354 0.0 0.0 0.0 0.0 0.0 0.0 0.5 0.0 0.0 1.0 0.0 0.0 0.5 0.0 0.0
0.0 0.0 0.0 0.0 0.0 0.0 0.0 0.0 0.0 0.0 0.0 0.0 0.0 0.408 0.0 0.0 0.0 0.0 0.0 0.0 1.0 0.0 0.0 0.0 0.577 0.0 0.707 0.0 0.0 0.0 1.0 0.5 0.0 0.0 0.0
0.0 0.289 0.5 0.354 0.5 0.0 0.0 0.0 0.0 0.707 0.5 0.0 0.5 0.204 0.0 0.5 0.5 0.0 0.354 0.25 0.5 0.5 0.0 0.5 0.289 0.5 0.354 0.0 0.5 0.0 0.5 1.0 0.354 0.0 0.0
0.707 0.0 0.0 1.0 0.707 0.0 0.0 0.0 0.0 0.5 0.0 0.0 0.0 0.289 0.0 0.354 0.354 0.0 0.0 0.354 0.0 0.0 0.0 0.0 0.0 0.0 0.5 0.0 0.0 0.5 0.0 0.354 1.0 0.0 0.0
0.0 0.0 0.0 0.0 0.0 1.0 0.0 1.0 0.0 0.0 0.0 0.0 0.0 0.0 0.0 0.0 0.5 0.0 0.0 0.0 0.0 0.0 0.577 0.0 0.577 0.0 0.0 0.0 0.0 0.0 0.0 0.0 0.0 1.0 0.0
0.0 0.0 0.0 0.0 0.0 0.0 0.577 0.0 0.0 0.0 0.0 0.0 0.0 0.408 0.0 0.0 0.5 0.0 0.0 0.5 0.0 0.0 0.577 0.0 0.0 0.0 0.0 0.0 0.0 0.0 0.0 0.0 0.0 0.0 1.0